"inputs/input_group297.txt"

430
10 369 297 337 108 142 138 397 385 425 101 84 318 91 122 171 253 172 264 295 238 279 169 222 100 111 353 30 158 201 381 23 304 27 352 389 125 333 368 261 99 3 49 412 40 145 70 361 228 235 168 291 240 83 372 322 62 118 165 160 93 188 114 430 405 14 82 370 411 426 382 262 271 299 4 216 174 210 281 358 110 391 35 268 184 245 141 303 413 39 204 263 205 367 359 124 104 212 260 163 339 364 331 390 86 309 198 428 225 267 137 54 72 106 404 143 186 97 180 179 68 37 420 286 5 393 325 301 283 64 269 144 226 251 273 362 11 199 46 202 74 375 200 44 105 384 246 129 293 146 311 410 429 407 414 350 354 292 431 220 417 327 424 349 136 196 173 42 7 366 217 176 75 284 191 250 396 112 164 383 310 223 365 343 18 275 33 192 300 183 308 15 19 289 92 287 94 67 329 1 336 348 321 237 154 274 53 55 126 294 150 227 207 121 400 421 45 298 47 206 418 109 302 377 248 392 403 219 61 8 254 156 224 66 258 133 79 102 16 159 26 128 13 119 29 89 296 107 399 167 247 285 157 189 316 394 76 161 334 178 152 203 288 78 215 363 255 307 187 347 415 342 60 120 357 73 408 312 149 257 57 252 388 87 401 277 213 181 116 113 218 330 378 276 211 48 371 406 395 80 135 103 314 234 380 162 422 147 151 190 88 249 24 6 265 351 278 139 214 338 9 51 25 221 193 127 345 282 320 21 32 50 326 59 98 239 197 356 387 155 2 31 71 244 185 305 34 232 17 259 335 290 148 63 229 236 96 419 324 208 374 95 344 134 386 140 38 43 317 346 233 56 379 376 355 402 69 41 319 427 194 12 115 153 341 328 231 20 177 175 340 270 241 423 117 166 323 182 77 373 398 123 256 280 332 416 22 65 36 242 272 306 28 266 360 170 313 409 230 90 130 243 195 85 131 132 58 52 315 209 
[Done] exited with code=0 in 4.766 seconds


"inputs/input_group298.txt"

221
342 133 7 84 240 30 112 


"inputs/input_group299.txt"

48
3 9 8 4 10


"inputs/input_group300.txt"

157
44 5 52 4 13 27 46 53 61 18 50 1 49 41 3 40 15 2 6 20 14 33 28 60 58 19 57 25 10 31 17 43 51 12 32 55 
[Done] exited with code=0 in 2.843 seconds


"inputs/input_group301.txt"

757
246 424 96 240 92 383 489 228 295 171 187 29 120 402 167 445 464 486 341 84 148 147 328 406 4 351 307 128 62 453 57 63 336 1 196 98 303 200 169 11 168 444 138 401 85 107 133 237 90 174 204 329 215 312 256 385 229 276 67 279 158 481 377 250 499 466 271 386 342 418 274 376 182 454 149 452 140 17 288 459 180 175 483 179 38 399 316 41 163 104 275 417 500 415 319 371 282 326 176 227 35 477 9 197 378 258 259 460 3 261 437 369 78 135 235 166 231 70 30 498 233 375 374 420 291 488 206 350 408 345 451 165 
[Done] exited with code=0 in 5.874 seconds


"inputs/input_group302.txt"

195
155 189 339 13 191 216 316 114 349 484 97 206 457 58 
[Done] exited with code=0 in 4.248 seconds


"inputs/input_group303.txt"

15
1 2 
[Done] exited with code=0 in 3.061 seconds


"inputs/input_group304.txt"

50271
101 1 475 407 481 424 438 463 397 460 445 487 430 419 102 480 431 2 425 103 496 3 200 104 428 471 493 439 441 416 4 105 300 465 483 498 485 411 413 452 5 474 467 106 202 301 464 482 454 499 399 6 446 489 302 398 473 449 107 453 488 401 440 7 203 303 408 8 479 400 108 9 304 405 204 459 466 469 109 492 205 415 429 305 433 10 421 306 455 110 11 403 477 422 111 206 432 412 462 457 112 307 207 476 12 437 308 13 409 484 443 309 406 113 208 114 209 495 417 14 461 436 310 210 434 410 15 311 115 16 420 470 211 500 312 444 116 491 17 117 212 402 313 213 118 18 478 486 214 450 314 119 448 19 215 120 418 315 20 216 121 316 217 447 21 218 122 22 423 219 456 123 23 124 319 220 24 125 221 320 25 222 126 321 468 26 223 127 27 224 28 323 128 29 324 226 129 472 325 227 30 326 490 31 131 458 327 32 132 229 133 328 230 134 404 33 427 329 231 34 330 494 35 135 232 36 136 331 137 37 332 233 138 497 333 38 234 334 39 139 335 40 235 442 336 41 140 337 42 43 141 338 238 44 142 339 435 239 143 45 340 240 144 46 241 145 341 47 342 146 242 343 48 243 49 147 344 414 345 244 50 346 148 245 51 347 246 52 149 426 348 247 150 53 451 248 349 151 249 54 152 350 250 153 56 352 251 154 353 252 354 155 59 253 355 254 156 255 357 157 60 358 256 61 158 62 359 257 159 63 360 258 64 361 259 160 362 161 363 65 162 261 66 163 364 164 365 262 67 165 366 68 263 166 367 69 264 368 70 167 265 369 71 266 168 72 267 370 169 73 268 371 170 372 269 74 171 373 270 172 75 374 76 77 271 173 375 174 78 272 175 79 376 80 377 176 81 378 178 82 379 179 277 380 83 180 278 181 279 381 280 182 382 281 183 86 383 282 283 87 185 384 284 88 385 89 285 90 386 91 187 92 286 387 188 93 287 189 94 190 389 289 95 191 390 192 290 96 291 391 194 392 98 195 393 394 395 100 
[Done] exited with code=0 in 6.445 seconds


"inputs/input_group305.txt"

105372
1 300 272 209 293 44 76 3 234 4 2 167 316 287 82 197 43 168 179 213 34 187 246 260 36 200 166 296 267 39 249 35 224 274 46 33 258 5 280 312 292 212 297 276 180 307 256 223 110 124 314 183 193 257 294 247 189 54 229 308 302 8 154 273 211 150 286 175 22 243 295 281 134 285 103 204 72 29 304 181 268 317 48 279 138 262 198 311 266 161 228 265 238 270 115 121 105 12 30 24 215 227 163 206 126 269 11 182 86 310 9 143 63 306 245 77 173 303 129 125 282 252 242 283 170 261 41 278 144 291 277 31 45 23 216 250 96 305 214 192 321 153 319 318 259 196 171 188 271 284 172 160 288 139 275 47 301 114 207 320 108 178 85 17 235 290 315 65 136 119 19 120 99 201 109 241 137 157 191 158 162 236 190 253 67 240 199 205 184 186 6 244 57 251 148 55 59 18 102 194 255 313 7 309 42 123 16 83 106 140 104 195 68 98 90 93 127 21 20 130 208 51 56 112 95 50 111 66 88 169 122 92 79 159 61 89 74 60 87 71 81 52 13 26 
[Done] exited with code=0 in 6.697 seconds


"inputs/input_group306.txt"

9975
161 292 253 17 176 348 288 238 47 207 118 
[Done] exited with code=0 in 4.789 seconds


"inputs/input_group307.txt"

221
295 75 50 117 35 93 200 155 389 357 327 133 
[Done] exited with code=0 in 4.338 seconds


"inputs/input_group308.txt"

5078
48 74 139 145 160 170 176 199 214 287 332 375 396 411 443 471 474 488 
[Done] exited with code=0 in 4.462 seconds


"inputs/input_group309.txt"

101143
35 318 401 230 99 31 145 266 488 374 84 419 177 470 378 446 103 440 196 143 45 234 5 96 400 170 452 344 413 305 24 371 359 77 43 10 382 94 26 88 201 395 185 225 210 493 349 146 296 348 61 156 347 439 183 260 290 153 255 379 57 407 299 220 74 204 463 117 433 221 97 87 247 259 327 393 454 39 56 376 308 169 192 383 14 115 229 475 189 137 165 491 215 410 224 447 429 75 216 304 6 90 303 316 89 468 240 70 151 46 159 162 55 346 128 365 139 464 499 147 409 333 301 455 3 490 384 460 132 254 448 126 78 294 86 106 453 320 130 208 53 449 436 119 206 180 122 465 329 29 102 161 64 79 466 492 417 353 451 248 63 500 386 358 92 73 267 385 246 284 394 11 223 323 227 306 19 124 114 2 109 23 330 434 7 228 307 345 332 157 268 314 427 241 272 59 430 76 164 325 252 20 310 442 82 98 361 100 328 32 163 144 285 209 335 337 116 104 190 193 27 36 476 15 479 179 13 172 422 249 480 426 297 438 291 197 123 356 486 280 67 127 236 105 171 154 390 287 477 9 424 450 1 355 334 203 214 44 281 111 445 219 317 414 42 226 148 402 107 331 83 175 49 311 28 80 58 403 388 212 195 
[Done] exited with code=0 in 12.808 seconds


"inputs/input_group310.txt"

144561
419 446 219 61 24 314 384 492 72 76 45 21 238 153 14 148 174 266 107 357 374 265 345 306 130 239 135 39 344 363 350 486 300 10 294 74 461 360 409 303 146 420 399 281 472 34 209 80 71 215 427 55 123 194 9 82 77 20 223 6 453 93 372 441 232 27 356 251 292 115 494 90 389 63 491 97 118 136 392 316 390 207 211 60 30 105 133 212 44 431 254 287 299 259 151 67 464 46 336 62 329 352 496 297 393 382 332 407 243 406 208 429 258 337 221 257 216 17 455 11 459 321 339 460 481 379 386 293 302 411 268 103 124 415 371 127 100 478 495 354 449 313 353 48 413 426 317 262 139 131 68 187 88 335 370 493 220 240 99 203 36 485 47 200 383 108 217 359 367 201 150 279 79 448 237 192 43 452 165 64 499 19 482 152 33 5 309 85 38 296 270 162 477 249 40 463 112 235 170 398 342 432 58 430 442 355 229 164 397 1 25 156 291 488 271 307 244 328 109 7 483 490 274 264 405 172 444 169 35 312 113 282 327 15 206 154 394 119 245 50 369 402 325 387 438 196 433 320 275 322 226 456 56 120 141 408 351 188 102 273 122 213 2 185 145 470 73 450 333 176 171 250 497 53 267 163 52 434 443 8 161 12 489 241 447 195 377 376 305 32 155 436 132 451 3 284 91 193 59 230 177 180 13 391 366 26 184 202 149 96 269 439 242 468 445 190 412 396 233 423 428 138 95 414 278 289 222 142 462 104 340 178 78 147 16 308 134 75 
[Done] exited with code=0 in 20.523 seconds


"inputs/input_group311.txt"
237827
469 260 221 384 43 339 500 58 240 243 300 304 309 361 460 64 48 81 485 350 151 51 432 207 491 435 199 20 360 31 282 210 489 329 111 457 406 443 296 343 389 441 225 40 91 250 73 438 118 52 176 492 142 125 375 218 93 428 80 178 477 140 316 255 478 158 167 212 33 311 247 108 293 354 67 324 57 170 262 306 258 264 276 464 452 263 227 496 289 342 79 330 382 371 194 273 71 202 423 429 83 220 331 433 439 450 476 203 363 493 117 163 197 278 35 344 337 462 66 449 161 322 399 486 480 237 424 59 182 459 356 467 68 254 299 465 223 378 377 38 177 26 222 310 15 171 146 365 338 244 402 102 179 388 113 208 65 394 132 315 128 55 242 366 37 481 404 99 474 231 126 497 494 181 195 216 261 24 436 1 290 387 164 98 166 484 84 277 23 162 298 320 362 32 105 373 196 21 143 367 463 333 3 355 18 416 334 297 54 413 165 107 347 279 456 313 431 256 62 188 200 72 332 294 219 318 211 454 430 145 100 29 470 92 86 28 14 379 228 369 233 174 348 376 372 85 392 49 409 319 267 184 135 229 190 30 269 411 77 407 168 160 217 209 44 213 172 156 201 328 124 395 46 274 400 358 191 401 94 110 131 76 257 10 353 109 453 88 461 123 8 475 238 265 288 251 193 154 280 418 133 326 137 206 106 148 268 56 417 19 393 39 147 458 152 232 121 312 317 271 6 408 415 440 78 272 248 245 292 61 69 434 451 295 499 116 198 349 214 307 175 495 303 364 444 473 412 422 224 234 498 403 235 129 47 60 139 215 112 119 2 13 36 445 115 482 341 90 385 398 226 180 82 114 183 425 27 134 159 396 22 5 45 236 325 427 442 169 287 410 283 351 246 281 130 335 41 327 96 321 141 291 466 153 17 380 42 301 345 104 352 70 252 144 192 138 391 472 185 447 270 359 368 448 446 187 50 204 357 12 421 74 87 205 120 97 437 25 150 7 259 302 186 426 122 487 241 189 249 419 479 346 89 323 483 490 314 63 455 405 340 286 285 308 230 75 157 383 9 381 16 127 420 136 149 155 173 468 471 370 95 305 4 101 34 488 414 374 53 11 386 103 
[Done] exited with code=0 in 25.328 seconds


"inputs/input_group312.txt"
237827
469 260 221 384 43 339 500 58 240 243 300 304 309 361 460 64 48 81 485 350 151 51 432 207 491 435 199 20 360 31 282 210 489 329 111 457 406 443 296 343 389 441 225 40 91 250 73 438 118 52 176 492 142 125 375 218 93 428 80 178 477 140 316 255 478 158 167 212 33 311 247 108 293 354 67 324 57 170 262 306 258 264 276 464 452 263 227 496 289 342 79 330 382 371 194 273 71 202 423 429 83 220 331 433 439 450 476 203 363 493 117 163 197 278 35 344 337 462 66 449 161 322 399 486 480 237 424 59 182 459 356 467 68 254 299 465 223 378 377 38 177 26 222 310 15 171 146 365 338 244 402 102 179 388 113 208 65 394 132 315 128 55 242 366 37 481 404 99 474 231 126 497 494 181 195 216 261 24 436 1 290 387 164 98 166 484 84 277 23 162 298 320 362 32 105 373 196 21 143 367 463 333 3 355 18 416 334 297 54 413 165 107 347 279 456 313 431 256 62 188 200 72 332 294 219 318 211 454 430 145 100 29 470 92 86 28 14 379 228 369 233 174 348 376 372 85 392 49 409 319 267 184 135 229 190 30 269 411 77 407 168 160 217 209 44 213 172 156 201 328 124 395 46 274 400 358 191 401 94 110 131 76 257 10 353 109 453 88 461 123 8 475 238 265 288 251 193 154 280 418 133 326 137 206 106 148 268 56 417 19 393 39 147 458 152 232 121 312 317 271 6 408 415 440 78 272 248 245 292 61 69 434 451 295 499 116 198 349 214 307 175 495 303 364 444 473 412 422 224 234 498 403 235 129 47 60 139 215 112 119 2 13 36 445 115 482 341 90 385 398 226 180 82 114 183 425 27 134 159 396 22 5 45 236 325 427 442 169 287 410 283 351 246 281 130 335 41 327 96 321 141 291 466 153 17 380 42 301 345 104 352 70 252 144 192 138 391 472 185 447 270 359 368 448 446 187 50 204 357 12 421 74 87 205 120 97 437 25 150 7 259 302 186 426 122 487 241 189 249 419 479 346 89 323 483 490 314 63 455 405 340 286 285 308 230 75 157 383 9 381 16 127 420 136 149 155 173 468 471 370 95 305 4 101 34 488 414 374 53 11 386 103 
[Done] exited with code=0 in 22.826 seconds



"inputs/input_group313.txt"

201161
242 294 6 327 120 183 323 229 368 130 2 253 440 454 11 248 9 112 145 422 397 170 167 16 70 352 334 42 45 21 392 373 58 26 207 429 490 344 480 305 234 487 29 172 36 332 165 277 18 442 63 290 41 205 243 60 313 498 48 308 46 59 117 164 452 494 408 39 493 155 462 208 37 220 349 47 68 182 127 405 81 210 478 125 224 374 445 114 262 86 350 57 299 96 303 250 133 419 15 143 33 106 375 219 362 214 227 97 116 424 213 54 425 500 149 126 100 430 62 280 23 67 87 339 107 225 399 200 152 432 304 124 144 74 27 228 359 174 146 278 44 192 123 461 355 104 348 394 298 379 237 269 49 466 10 147 353 389 166 139 13 393 404 202 460 4 482 135 324 180 176 283 468 369 312 24 118 55 209 433 285 435 198 235 162 458 293 186 73 40 191 232 388 315 196 244 402 201 471 476 486 418 7 292 364 222 160 98 384 212 69 197 216 474 360 372 420 14 79 53 221 295 472 317 254 189 153 370 113 19 169 226 367 415 159 128 195 434 236 241 110 34 246 84 322 223 251 64 103 265 194 307 448 302 129 276 88 363 137 390 481 288 281 412 495 450 489 80 335 218 286 467 177 204 230 99 479 342 5 437 499 273 184 483 395 255 470 491 318 83 175 32 337 3 473 154 306 380 287 138 78 382 93 258 30 343 311 249 459 158 150 240 309 338 354 179 72 94 132 413 465 477 238 336 488 163 233 52 90 263 199 341 282 438 239 140 65 409 365 148 12 142 484 345 279 497 217 20 361 377 284 366 85 398 264 259 329 378 453 443 449 22 444 109 447 428 267 260 423 320 386 325 8 75 215 28 464 185 134 319 396 108 157 414 401 463 340 275 252 357 400 187 300 417 457 406 38 17 102 82 383 25 496 193 387 485 416 247 289 105 245 330 421 403 426 431 436 456 
[Done] exited with code=0 in 9.241 seconds

"inputs/input_group314.txt"

207415
43 55 268 87 324 354 269 28 63 261 129 86 192 154 212 471 226 166 361 45 257 196 276 256 266 472 288 216 205 100 10 89 227 327 48 316 46 114 175 33 193 213 277 304 491 432 132 131 51 185 34 120 78 273 99 379 106 287 145 53 14 475 338 281 170 81 199 466 181 82 283 265 88 357 229 148 244 143 24 263 54 103 95 246 249 201 58 422 158 297 180 70 90 425 136 117 179 477 146 122 224 451 280 84 427 463 29 223 428 323 190 253 337 8 18 97 495 241 11 35 126 264 32 144 101 320 243 13 147 91 318 485 178 301 110 191 336 19 322 68 299 367 207 291 16 359 352 449 333 80 47 157 488 292 365 3 326 448 423 139 176 165 220 247 476 172 7 125 40 225 217 149 49 156 72 238 134 483 233 355 202 75 295 153 195 56 64 296 271 298 187 41 61 353 118 371 370 204 57 69 285 293 403 302 228 79 37 369 360 395 186 401 135 240 429 250 231 331 498 50 85 386 275 194 315 289 76 484 482 279 442 9 62 346 215 248 334 434 30 286 105 167 168 65 317 5 162 258 254 486 399 306 123 115 74 200 234 77 109 67 128 182 308 382 242 430 59 138 294 104 343 454 161 27 116 177 102 420 464 208 300 290 408 42 23 163 39 330 389 1 209 267 461 259 392 107 96 71 112 121 174 232 245 38 184 152 189 374 140 108 321 278 348 441 12 119 272 219 151 60 494 344 164 452 376 130 2 73 22 312 410 159 390 111 305 31 127 255 364 142 431 137 237 26 188 20 93 222 197 274 203 435 313 211 282 332 83 388 239 17 489 314 303 15 183 21 329 230 169 311 456 66 418 171 221 404 433 339 465 373 341 396 358 173 4 260 6 455 310 437 44 416 150 470 328 262 214 340 342 206 113 160 52 25 351 36 400 251 417 496 133 210 325 155 309 479 319 307 366 94 397 457 411 462 218 490 252 141 270 124 412 236 384 378 235 415 198 445 459 414 467 402 444 284 391 92 347 443 
[Done] exited with code=0 in 9.369 seconds

"inputs/input_group315.txt"

180808
69 41 39 33 321 43 123 308 88 133 293 364 221 303 2 207 290 390 35 314 150 351 257 251 21 106 341 114 248 95 202 156 169 107 294 331 272 247 243 230 184 381 204 310 99 366 273 89 337 276 58 220 187 75 64 338 336 71 121 109 179 171 129 110 320 345 201 175 168 250 211 7 98 356 62 270 375 182 208 31 373 400 322 116 30 188 186 131 53 181 170 249 327 398 217 145 94 319 61 222 312 260 135 189 256 3 352 149 234 174 399 232 161 225 376 87 16 134 282 22 264 132 311 358 215 46 40 29 101 313 265 307 317 13 183 120 164 1 77 213 42 348 47 383 72 157 292 325 105 379 26 361 365 391 192 143 244 219 140 380 236 261 96 139 126 389 155 237 291 267 332 122 205 48 196 97 127 218 357 84 280 144 100 287 342 206 17 68 85 158 9 4 354 57 386 289 137 299 235 304 295 367 266 63 241 274 283 263 368 210 212 363 329 148 10 334 369 70 387 355 269 378 281 162 382 108 231 165 288 214 45 194 374 396 81 198 191 246 305 93 36 285 
[Done] exited with code=0 in 7.083 seconds

"inputs/input_group316.txt"

87
218 343 196 164 257 12 357 316 182 
[Done] exited with code=0 in 4.123 seconds

"inputs/input_group317.txt"

46349
171 331 358 449 50 378 194 98 224 193 495 214 401 457 76 46 140 470 130 40 232 174 323 316 179 45 251 415 474 245 389 198 438 183 431 79 157 165 25 293 29 280 167 285 219 189 240 486 409 41 57 252 85 121 108 44 203 305 269 473 427 479 58 202 388 228 116 78 120 102 153 127 370 147 491 13 267 304 443 343 407 346 
[Done] exited with code=0 in 7.346 seconds

"inputs/input_group318.txt"

153
66 464 95 142 327 319 10 349 24 296 329 253 114 364 184 270 8 27 84 470 304 51 49 394 104 231 429 195 242 47 234 459 402 
[Done] exited with code=0 in 3.343 seconds

"inputs/input_group319.txt"

19715
100 86 117 41 285 14 34 184 81 211 116 289 126 64 183 203 15 72 291 260 83 61 189 162 67 101 97 151 58 104 45 246 153 286 63 53 65 131 2 59 96 30 217 272 226 201 111 297 174 290 50 279 219 178 156 251 215 21 125 118 130 91 171 268 23 55 142 170 299 281 27 195 75 49 90 26 207 267 269 80 238 98 57 228 149 202 40 17 209 25 29 254 205 22 223 9 42 103 294 232 234 
[Done] exited with code=0 in 4.803 seconds

"inputs/input_group320.txt"

65456
77 1 138 199 8 83 40 59 169 43 60 140 127 193 48 107 53 96 84 194 197 101 120 183 182 179 62 14 69 95 190 85 26 3 30 5 132 13 52 86 73 72 4 184 64 150 19 170 45 124 70 6 44 100 25 164 114 55 98 7 36 108 196 15 113 57 106 12 10 90 31 58 21 175 81 191 88 51 141 134 136 154 126 125 173 23 135 178 29 74 153 195 151 133 71 20 189 143 102 109 22 181 119 27 149 156 176 155 187 177 39 171 139 28 80 130 34 147 112 161 32 142 92 97 33 121 38 180 63 192 35 166 145 47 162 172 118 157 78 56 75 79 103 67 163 94 49 146 91 144 111 131 116 93 
[Done] exited with code=0 in 4.069 seconds

"inputs/input_group321.txt"

4449
72 73 65 54 2 8 6 66 4 39 29 41 3 69 58 57 20 13 43 1 61 10 38 62 48 24 19 71 32 75 74 60 63 45 50 36 40 59 47 55 9 14 27 22 51 35 37 70 44 52 26 34 68 15 18 64 56 53 42 17 12 
[Done] exited with code=0 in 3.485 seconds

"inputs/input_group322.txt"

314
17 20 51 69 142 158 159 160 189 190 191 194 197 202 203 240 248 254 264 279 280 288 293 308 309 325 346 353 354 377 378 391 404 429 
[Done] exited with code=0 in 5.237 seconds

"inputs/input_group323.txt"

1360
12 5 11 3 17 
[Done] exited with code=0 in 2.831 seconds

"inputs/input_group324.txt"

93816
370 186 191 55 338 305 8 228 3 368 21 213 36 188 127 63 59 447 298 122 295 240 244 424 23 94 265 376 474 280 434 109 9 99 262 449 156 20 41 167 210 414 275 45 341 201 260 297 472 459 261 202 101 180 230 65 365 379 131 117 441 496 427 258 339 98 475 306 366 313 421 391 35 5 168 448 73 208 446 325 155 312 407 329 82 119 54 31 214 69 241 51 303 91 357 207 223 52 468 347 37 238 6 164 251 170 137 429 437 461 140 219 184 161 478 205 147 332 133 399 173 225 310 17 477 159 270 425 431 326 217 154 443 198 151 436 149 267 296 266 97 108 215 402 236 486 175 72 150 392 350 95 166 493 76 473 315 221 46 482 247 87 146 123 416 291 130 18 64 285 58 279 250 372 476 231 410 334 204 192 309 121 102 385 464 206 371 289 415 470 13 454 27 120 145 199 165 160 33 86 336 100 383 200 274 311 129 359 224 495 78 343 413 169 32 304 455 271 34 2 235 30 273 43 494 316 269 342 435 467 444 183 93 162 245 481 284 330 422 323 90 268 88 222 193 152 420 322 356 409 333 172 319 457 11 324 92 135 57 141 377 381 327 321 24 462 401 428 283 226 39 174 216 89 42 211 487 300 281 432 77 382 243 458 234 189 50 49 48 190 143 445 138 479 
[Done] exited with code=0 in 13.737 seconds

"inputs/input_group325.txt"

3880
32 57 13 26 85 54 8 94 96 56 1 64 76 9 93 5 2 29 37 41 71 39 4 34 72 10 15 16 95 40 86 78 80 27 44 31 42 59 82 73 47 30 7 43 60 97 69 6 58 3 20 74 45 77 65 22 53 67 14 66 25 36 24 87 79 62 55 90 61 84 52 92 38 46 99 17 75 63 88 50 70 89 23 81 91 21 33 98 35 83 49 68 11 12 100 19 48 
[Done] exited with code=0 in 3.807 seconds

"inputs/input_group326.txt"

26
3 2 6 
[Done] exited with code=0 in 2.67 seconds

"inputs/input_group327.txt"

192
303 139 12 64 74 97 420 318 406 393 58 133 282 375 104 
[Done] exited with code=0 in 4.211 seconds

"inputs/input_group328.txt"

285790
215 216 214 201 213 212 204 203 202 205 206 207 208 210 209 211 199 200 195 198 197 196 194 193 192 191 190 186 187 189 188 218 217 220 219 276 273 275 274 299 300 298 305 306 307 308 304 301 303 302 278 279 280 281 282 290 291 285 284 283 289 288 286 287 292 293 294 277 297 295 296 309 310 222 223 221 224 225 229 226 227 228 268 270 269 272 261 262 266 264 265 263 267 271 259 258 257 260 256 255 254 253 252 246 248 245 250 249 251 230 231 235 233 234 232 243 244 237 238 239 242 241 240 236 183 182 181 185 179 180 178 177 176 174 173 172 171 170 168 169 167 166 165 164 163 338 339 344 343 340 341 342 362 361 363 345 346 347 348 349 351 352 353 354 350 355 356 357 358 359 360 364 365 366 368 369 370 371 373 372 379 381 380 382 383 384 385 374 375 376 377 378 386 387 388 390 389 393 391 392 394 395 398 397 396 399 401 403 406 405 408 410 411 412 414 413 429 425 416 419 318 319 320 322 323 325 324 326 321 329 330 327 328 331 335 334 333 332 336 337 317 312 311 313 314 315 316 122 121 120 119 118 117 116 115 114 113 112 111 110 109 108 104 107 105 123 103 102 435 162 161 160 159 157 156 153 154 155 152 158 151 150 149 148 146 147 145 433 445 446 447 448 449 450 451 452 453 454 455 456 457 459 460 458 461 462 463 464 465 466 467 468 469 470 472 471 473 144 143 142 141 140 139 138 137 136 135 134 133 132 130 131 124 125 128 129 126 127 474 475 476 477 478 101 100 99 98 97 95 92 93 90 89 88 91 86 85 84 83 79 75 64 63 479 480 481 482 483 484 485 486 487 488 50 49 48 47 46 45 44 43 42 41 40 39 38 37 36 35 34 33 32 31 30 29 28 27 26 25 24 23 22 20 21 19 18 17 16 15 14 12 11 9 489 491 492 493 498 
[Done] exited with code=0 in 17.307 seconds


"inputs/input_group329.txt"

415
206 415 166 322 31 371 476 455 
[Done] exited with code=0 in 4.02 seconds

"inputs/input_group330.txt"

38515
323 22 260 68 34 143 305 314 332 24 111 168 108 158 276 38 232 90 354 347 5 204 348 18 74 357 247 151 231 316 53 292 198 320 222 130 76 78 28 334 330 269 267 166 113 3 282 58 200 235 275 209 20 228 121 140 268 258 6 42 249 306 217 129 261 328 126 141 353 344 123 233 333 327 128 216 152 61 75 66 284 112 29 240 180 289 365 301 167 131 219 270 91 97 308 9 154 279 310 300 210 352 341 254 307 153 189 50 226 146 225 213 40 104 124 155 150 170 245 103 179 227 318 144 65 8 326 142 21 285 178 237 239 106 208 304 351 12 234 253 157 31 94 59 364 363 138 176 165 
[Done] exited with code=0 in 6.917 seconds


"inputs/input_group331.txt"

1625
246 276 50 349 307 438 389 197 10 387 182 52 338 82 226 455 218 388 466 262 303 459 84 258 278 71 403 486 18 237 174 308 283 476 159 394 467 86 190 475 458 377 
[Done] exited with code=0 in 6.206 seconds


"inputs/input_group332.txt"

7515
1 3 4 5 6 7 8 9 10 11 12 13 14 15 16 17 18 20 21 22 23 24 25 26 27 29 30 31 32 33 34 35 36 37 38 39 40 42 43 44 45 46 47 49 50 51 52 53 54 55 56 57 58 59 60 61 62 63 64 65 67 68 69 70 71 72 73 74 75 77 78 79 81 83 84 86 87 88 89 90 91 92 93 94 95 97 98 99 100 101 104 105 106 107 108 109 110 111 112 114 117 119 120 121 122 125 127 128 131 132 133 134 135 136 137 138 139 140 141 142 143 145 146 147 149 150 151 152 153 154 156 158 159 160 163 164 165 166 167 168 169 170 171 172 173 174 175 176 177 179 180 181 182 186 187 189 191 192 194 196 197 198 199 201 205 206 207 210 211 219 220 224 227 228 231 
[Done] exited with code=0 in 5.348 seconds

"inputs/input_group333.txt"

249502
1 500 2 499 3 498 4 497 5 496 6 495 7 494 8 493 9 492 10 491 11 490 12 489 13 488 14 487 15 486 16 485 17 484 18 483 19 482 20 481 21 480 22 479 23 478 24 477 25 476 26 475 27 474 28 473 29 472 30 471 31 470 32 469 33 468 34 467 35 466 36 465 37 464 38 463 39 462 40 461 41 460 42 459 43 458 44 457 45 456 46 455 47 454 48 453 49 452 50 451 51 450 52 449 53 448 54 447 55 446 56 445 57 444 58 443 59 442 60 441 61 440 62 439 63 438 64 437 65 436 66 435 67 434 68 433 69 432 70 431 71 430 72 429 73 428 74 427 75 426 76 425 77 424 78 423 79 422 80 421 81 420 82 419 83 418 84 417 85 416 86 415 87 414 88 413 89 412 90 411 91 410 92 409 93 408 94 407 95 406 96 405 97 404 98 403 99 402 100 401 101 400 102 399 103 398 104 397 105 396 106 395 107 394 108 393 109 392 110 391 111 390 112 389 113 388 114 387 115 386 116 385 117 384 118 383 119 382 120 381 121 380 122 379 123 378 124 377 125 376 126 375 127 374 128 373 129 372 130 371 131 370 132 369 133 368 134 367 135 366 136 365 137 364 138 363 139 362 140 361 141 360 142 359 143 358 144 357 145 356 146 355 147 354 148 353 149 352 150 351 151 350 152 349 153 348 154 347 155 346 156 345 157 344 158 343 159 342 160 341 161 340 162 339 163 338 164 337 165 336 166 335 167 334 168 333 169 332 170 331 171 330 172 329 173 328 174 327 175 326 176 325 177 324 178 323 179 322 180 321 181 320 182 319 183 318 184 317 185 316 186 315 187 314 188 313 189 312 190 311 191 310 192 309 193 308 194 307 195 306 196 305 197 304 198 303 199 302 200 301 201 300 202 299 203 298 204 297 205 296 206 295 207 294 208 293 209 292 210 291 211 290 212 289 213 288 214 287 215 286 216 285 217 284 218 283 219 282 220 281 221 280 222 279 223 278 224 277 225 276 226 275 227 274 228 273 229 272 230 271 231 270 232 269 233 268 234 267 235 266 236 265 237 264 238 263 239 262 240 261 241 260 242 259 243 258 244 257 245 256 246 255 247 254 248 253 249 252 250 251 
[Done] exited with code=0 in 33.804 seconds


"inputs/input_group335.txt"

225118
211 134 52 361 405 331 223 150 323 439 492 406 366 298 71 284 351 289 341 107 117 127 300 365 96 80 240 261 378 434 13 97 139 43 412 269 194 114 364 137 129 252 411 116 424 423 28 408 198 299 106 24 309 326 148 55 68 274 319 470 386 375 86 216 160 410 74 251 121 1 58 291 313 446 419 451 254 94 179 425 369 42 140 440 32 484 471 214 110 267 268 7 454 466 189 156 118 490 397 286 99 119 271 270 432 388 399 338 234 163 417 486 56 105 35 464 84 23 279 220 78 125 332 136 372 130 36 230 478 4 409 155 255 500 374 357 467 187 420 153 82 210 9 427 482 147 474 109 400 184 200 465 479 38 19 330 398 385 83 65 108 485 165 138 487 3 232 350 212 227 260 180 222 321 436 442 15 171 104 145 305 249 22 178 403 354 253 443 49 123 181 64 124 426 177 61 92 131 381 324 389 197 395 190 10 489 224 201 243 287 456 167 359 327 244 318 422 146 40 437 336 368 497 102 208 273 143 302 297 307 29 285 438 387 5 152 185 175 144 17 373 88 215 290 431 196 283 304 231 458 229 483 256 218 76 233 447 339 433 435 242 12 348 469 463 81 60 392 111 120 132 276 325 31 352 294 308 41 6 226 188 151 295 206 320 416 170 498 164 221 390 355 345 8 202 51 282 257 382 59 383 404 281 115 173 192 296 481 407 37 363 413 301 396 2 225 272 75 441 54 362 477 162 90 169 347 328 344 128 391 101 204 154 236 472 47 377 250 349 133 358 280 491 360 457 356 203 69 428 312 335 379 353 182 342 237 333 259 89 79 85 186 18 100 455 126 14 26 158 449 87 217 371 157 322 418 468 429 39 459 176 72 46 48 316 473 141 315 34 98 91 460 95 149 45 21 195 159 278 25 310 73 496 112 448 247 337 475 172 493 415 53 476 264 103 445 265 293 27 367 191 77 16 44 199 275 461 258 135 444 292 161 93 209 67 11 346 50 306 384 334 376 452 174 329 239 343 430 314 219 113 450 421 402 57 495 262 263 488 317 288 393 453 183 207 245 246 142 66 63 
[Done] exited with code=0 in 13.627 seconds

"inputs/input_group336.txt"

19201
276 94 369 247 111 329 222 54 382 248 18 385 70 306 485 22 233 37 357 150 452 160 262 451 135 422 49 492 210 327 154 55 126 274 13 158 129 460 373 498 418 78 461 442 237 203 162 309 179 1 426 229 308 43 333 225 472 16 148 130 7 268 364 284 84 41 257 299 25 89 188 29 397 143 147 81 287 108 86 231 303 406 64 69 256 447 239 266 315 123 103 260 253 343 398 342 159 40 36 370 161 138 99 166 392 59 100 9 493 313 290 187 75 163 
[Done] exited with code=0 in 8.707 seconds

"inputs/input_group337.txt"

147189
385 313 368 23 168 155 317 476 456 324 498 160 162 438 459 391 27 172 56 473 129 106 268 460 78 265 219 77 260 103 350 53 366 489 224 109 25 398 427 262 228 234 446 393 301 49 297 299 143 436 151 475 305 93 331 127 238 330 235 477 227 497 388 178 123 418 371 464 57 199 148 50 490 122 378 207 221 325 429 466 492 110 478 354 257 6 387 421 131 416 216 156 452 141 276 170 443 496 121 200 86 370 264 72 412 46 130 266 165 8 64 89 405 104 341 88 108 217 495 349 2 288 414 282 71 367 41 470 242 226 209 95 82 33 91 206 101 284 125 286 399 222 100 465 432 258 449 214 345 451 290 248 461 444 254 352 295 147 249 332 375 205 277 225 149 62 275 445 140 403 394 273 194 211 424 182 150 66 269 426 428 173 308 400 18 274 132 323 441 468 340 79 448 479 326 164 253 437 384 202 415 81 306 353 435 203 230 337 338 278 229 195 482 144 197 411 30 24 204 404 335 191 35 364 171 322 40 303 281 491 4 245 137 292 283 32 244 232 192 36 107 382 499 116 87 201 52 54 161 231 279 20 346 196 327 134 120 293 223 376 237 152 184 347 126 373 48 68 180 351 285 493 379 92 55 74 90 73 343 117 145 45 112 321 316 280 458 469 179 15 304 328 360 320 318 413 348 9 447 356 462 163 369 336 142 310 26 139 133 80 76 471 42 70 381 454 138 146 154 312 287 21 252 174 386 423 167 361 16 7 396 69 185 267 157 333 397 128 372 243 188 118 359 442 302 153 409 261 430 177 97 309 105 169 13 307 450 193 419 334 220 190 271 166 259 210 417 47 392 63 115 402 431 28 472 484 44 12 75 363 96 31 61 408 270 358 85 247 463 43 
[Done] exited with code=0 in 23.57 seconds

"inputs/input_group338.txt"

171206
220 266 301 4 173 348 147 188 156 195 96 152 256 371 408 264 268 361 5 385 246 402 303 165 14 49 93 411 240 327 65 199 406 116 155 77 321 80 136 239 72 202 221 186 189 85 95 159 97 206 249 392 367 290 318 117 292 168 26 135 332 30 405 397 81 103 182 236 37 172 355 421 211 27 322 284 277 214 291 47 283 218 102 395 62 82 185 141 151 243 279 16 401 287 368 50 215 125 425 99 394 358 384 336 328 310 262 271 344 10 122 133 138 46 137 176 413 48 69 12 175 181 110 9 91 253 212 45 359 403 161 71 342 38 386 288 234 59 276 331 225 148 422 265 167 349 263 306 163 84 3 140 381 379 23 196 233 143 300 383 360 304 222 192 297 75 25 407 419 53 123 424 104 261 194 313 391 317 160 198 302 227 19 142 33 166 60 134 41 139 98 252 412 362 187 128 1 63 399 314 325 416 423 56 259 366 324 67 280 109 404 18 76 74 107 8 22 335 32 101 326 339 170 400 177 126 42 418 112 390 179 415 308 309 237 315 247 158 113 282 193 197 378 226 219 398 382 373 347 323 294 258 121 298 334 58 43 36 351 248 293 364 217 296 278 260 254 157 86 286 11 184 174 73 149 289 357 208 216 363 180 64 356 369 409 204 31 124 312 285 105 393 209 255 352 28 337 316 190 275 54 272 338 92 118 205 68 396 201 223 203 250 6 57 238 213 374 270 13 341 299 131 267 343 106 281 311 377 232 171 191 375 295 78 108 24 251 183 274 389 90 44 353 345 162 329 370 154 178 376 127 257 55 420 414 229 145 21 144 242 245 307 115 52 51 39 153 7 330 89 319 120 83 320 79 244 17 35 111 387 350 130 372 333 61 410 230 146 235 100 273 20 210 29 231 114 200 2 150 224 40 169 132 129 
[Done] exited with code=0 in 12.483 seconds

"inputs/input_group339.txt"

21
1 2 
[Done] exited with code=0 in 3.043 seconds

"inputs/input_rand.txt"

87
218 343 196 164 257 12 357 316 182 
[Done] exited with code=0 in 4.354 seconds


